0 0.5893 0.5454 0.012 0.013
2 0.6154 0.5347 0.0297 0.0343
7 0.7068 0.3935 0.0094 0.0519
8 0.681 0.4782 0.0141 0.025
8 0.6388 0.4843 0.0109 0.0185
0 0.6992 0.5495 0.0161 0.0324
3 0.7445 0.5324 0.0641 0.0685
0 0.7346 0.5477 0.0339 0.0361
2 0.8206 0.55 0.0359 0.0574
1 0.8784 0.5523 0.0245 0.0306
1 0.888 0.5528 0.0271 0.037
5 0.8966 0.5287 0.0099 0.0296
1 0.9076 0.6412 0.0203 0.0824
6 0.9237 0.5417 0.0172 0.0611
6 0.9003 0.5833 0.0484 0.15
0 0.9523 0.6144 0.0953 0.1806
0 0.9302 0.7819 0.1396 0.4361
5 0.6875 0.5829 0.025 0.1417
6 0.5742 0.5412 0.0099 0.0231
1 0.5589 0.55 0.0177 0.0204
6 0.5594 0.5398 0.0177 0.0352
5 0.5349 0.5468 0.0052 0.0213
2 0.5156 0.5514 0.0344 0.0787
5 0.4953 0.5569 0.0094 0.0676
1 0.5227 0.5977 0.0318 0.088
6 0.5242 0.5736 0.0307 0.0954
0 0.6076 0.7083 0.212 0.3185
2 0.3956 0.5889 0.1068 0.1926
5 0.0935 0.6694 0.0797 0.3111
6 0.9526 0.5417 0.0208 0.0648
6 0.9383 0.5606 0.037 0.1028
8 0.638 0.5014 0.0115 0.0083
8 0.6805 0.4963 0.012 0.0074
